82 4 82 96
21 47 37 71
48 88 14 38
66 62 52 24
64 58 54 46
100 46 28 84
49 37 35 21
66 96 40 4
89 91 99 27
93 25 99 75
34 46 76 24
94 84 58 46
97 61 11 49
29 13 57 5
26 68 86 80
22 8 86 6
22 22 46 32
27 91 57 69
86 94 40 40
13 35 35 71
21 87 17 89
79 25 19 89
67 33 83 83
20 98 8 82
70 24 16 50
82 58 48 42
24 46 98 72
12 72 28 16
67 43 21 27
79 35 87 47
66 44 56 14
72 74 8 68
14 34 8 6
100 68 30 86
18 96 44 10
87 29 35 23
92 76 68 98
38 34 42 32
20 72 58 92
32 60 34 38
14 58 80 32
86 82 32 62
21 71 75 89
25 39 95 59
96 80 86 34
61 47 97 57
78 10 86 62
74 18 38 74
60 68 68 78
51 55 31 33
64 2 94 84
72 38 80 86
71 59 73 33
40 12 26 92
81 3 53 51
95 77 9 73
2 30 24 96
21 3 21 41
86 92 34 54
87 23 71 53
83 77 45 91
9 61 7 97
97 17 21 77
36 42 58 36
38 82 18 34
8 82 96 22
18 36 16 48
0 76 48 16
61 9 71 43
8 72 84 92
94 60 80 2
60 18 86 62
59 15 13 7
84 90 68 80
3 61 3 67
44 70 92 28
65 89 31 1
23 61 51 7
86 16 76 18
74 6 86 60
6 100 34 52
28 84 74 0
34 50 68 36
60 30 26 90
26 34 100 16
30 2 48 96
16 22 54 10
16 16 18 100
15 63 15 97
3 39 83 27
97 37 49 93
25 97 95 37
3 85 19 21
49 45 11 21
57 59 93 21
52 62 76 94
38 74 90 86
47 89 27 93
97 51 33 77
19 51 87 79
4 42 60 100
67 45 67 75
4 70 64 76
54 68 62 4
47 35 91 43
0 70 38 34
46 92 74 72
38 86 56 48
68 20 76 84
84 58 82 48
37 75 89 9
92 32 50 4
7 87 1 81
63 27 73 67
62 96 4 62
27 95 9 43
54 90 96 16
69 89 85 79
92 12 36 44
86 30 72 62
29 25 89 17
53 73 89 75
93 83 57 35
98 92 50 44
32 6 96 36
67 79 95 95
54 4 32 86
95 81 7 21
18 24 94 78
79 93 39 37
53 59 71 53
34 92 44 96
75 91 93 57
2 6 18 12
75 51 25 19
13 91 67 15
56 10 2 58
36 58 56 22
43 51 39 25
49 31 99 47
0 88 34 6
87 77 49 51
68 10 0 30
70 24 2 18
3 43 61 11
21 77 47 73
63 61 15 41
33 25 65 41
100 10 14 100
54 76 48 82
22 16 56 14
90 100 90 32
67 91 43 17
16 80 66 54
24 68 44 44
29 49 7 45
67 73 65 47
44 82 82 28
87 45 53 21
95 71 1 79
58 26 76 0
1 91 85 75
13 41 83 13
88 64 72 34
18 4 62 2
11 63 53 71
37 61 77 99
59 7 29 17
36 58 60 26
7 83 21 5
77 21 91 83
22 46 12 76
42 12 66 42
61 83 51 95
36 92 4 20
76 8 58 24
19 81 49 17
23 81 97 91
47 9 63 67
99 3 93 15
85 63 31 69
93 67 87 17
23 29 71 83
3 69 53 31
1 19 1 69
91 51 99 57
67 17 95 73
91 83 93 21
56 56 96 40
90 30 50 44
90 28 50 84
72 8 88 68
90 70 80 44
12 18 32 22
39 11 81 91
16 82 44 98
35 51 47 17
17 7 67 55
31 65 59 67
43 3 67 37
99 11 25 89
58 8 100 92
99 13 73 1
27 39 37 23
48 80 60 72
15 81 9 67
3 57 67 57
9 35 75 29
40 42 14 46
76 28 80 78
3 17 9 31
77 17 15 35
16 90 36 18
81 97 1 9
25 51 69 75
39 37 43 17
48 44 88 50
68 76 84 84
2 36 24 62
37 95 3 13
10 74 86 58
10 10 14 62
81 83 35 17
77 33 33 79
63 23 31 5
83 43 29 75
85 17 25 41
75 55 7 71
87 45 9 51
96 24 60 10
48 10 74 36
68 20 26 8
90 70 90 40
85 43 17 91
19 41 63 47
38 4 44 70
51 29 81 91
9 21 1 17
99 5 75 67
33 73 11 89
60 26 52 12
92 4 24 30
73 15 33 67
4 56 22 14
70 36 82 66
68 80 76 36
97 1 57 49
43 89 33 67
89 57 61 7
90 30 16 20
73 43 13 17
72 2 82 92
38 68 26 60
23 3 99 37
53 69 49 77
80 66 70 98
25 3 35 93
30 56 74 70
49 99 19 45
6 70 2 24
46 8 82 12
43 77 31 27
14 0 96 32
56 28 58 2
62 34 88 18
25 11 19 15
39 45 83 75
66 10 20 0
35 59 37 71
63 5 87 9
29 85 61 33
17 1 75 63
78 98 70 88
55 79 93 43
56 38 2 34
11 29 71 29
60 24 2 30
46 62 20 24
9 1 97 71
4 82 54 40
87 37 3 49
78 98 50 54
49 55 23 77
27 5 45 97
63 95 33 9
43 95 17 43
97 99 49 77
12 24 76 34
19 73 43 23
1 17 35 41
61 93 25 31
6 32 84 94
7 43 7 13
23 81 9 3
8 16 54 90
13 73 43 75
74 50 90 30
0 24 90 72
28 48 44 14
64 92 22 72
38 74 4 48
10 96 78 34
61 79 75 83
99 33 39 39
44 48 56 50
86 68 74 42
47 93 95 85
54 10 60 18
41 55 49 7
8 48 60 6
15 41 57 91
81 9 25 1
92 30 36 24
8 38 16 32
29 65 91 39
84 36 90 94
64 66 4 70
75 83 93 53
85 9 9 21
4 20 24 8
99 1 29 53
76 94 88 78
21 67 99 67
19 5 33 15
79 39 83 55
86 62 80 50
51 71 95 99
56 96 40 32
91 7 15 95
74 96 92 96
51 65 3 67
8 58 64 32
62 42 82 20
31 29 13 47
26 50 18 30
81 67 87 39
81 5 91 71
84 100 66 14
67 97 9 69
2 82 40 28
52 68 58 44
15 75 3 53
46 14 38 68
93 43 1 7
39 65 71 21
94 8 10 82
3 99 11 69
26 80 58 48
24 82 92 48
81 55 45 9
72 88 88 26
95 13 33 5
27 49 79 9
59 21 49 19
67 61 39 95
13 49 33 25
59 9 1 33
25 95 65 23
46 94 22 36
81 61 79 35
8 44 98 88
34 96 76 38
33 29 11 49
68 28 68 80
27 59 43 19
25 21 1 63
50 82 56 80
87 37 7 51
9 49 27 65
44 38 4 86
88 24 96 12
78 20 16 48
98 8 60 68
77 33 31 21
22 46 2 26
8 46 46 60
76 46 72 68
66 50 8 26
96 50 94 38
38 32 18 62
31 91 73 89
6 4 52 8
33 71 21 45
29 53 27 57
13 1 3 29
19 69 57 91
56 44 66 54
22 12 38 16
48 92 32 96
68 54 98 48
38 62 30 4
54 8 98 44
7 73 57 53
27 71 43 87
10 90 4 56
32 54 54 62
46 24 60 8
37 89 31 95
86 98 44 12
55 77 13 29
35 29 89 69
0 4 4 28
45 93 41 17
67 13 75 13
24 46 66 50
87 73 75 87
1 17 81 21
79 49 47 15
5 3 83 59
81 53 55 67
41 59 87 7
94 50 18 46
28 16 92 38
100 88 72 96
72 34 6 30
0 96 22 38
9 51 39 61
39 35 39 7
89 33 45 81
2 62 100 8
90 6 40 100
12 66 22 30
18 4 60 94
35 27 37 29
75 93 51 87
60 82 82 56
28 100 8 24
80 96 8 60
31 95 99 11
9 71 51 25
43 49 65 89
1 23 89 51
17 71 57 71
85 57 81 23
65 89 11 67
1 87 75 63
87 27 3 55
56 4 58 20
81 41 57 29
13 69 29 99
20 80 52 36
58 2 70 58
14 68 6 52
26 22 98 78
73 1 3 99
33 43 57 65
85 23 3 13
92 52 62 2
26 42 28 76
61 77 29 33
93 23 71 73
66 60 96 78
8 20 78 60
45 93 31 1
12 48 56 16
87 53 3 37
1 71 11 3
42 72 30 2
63 1 85 17
7 47 39 67
2 34 94 38
35 93 39 15
2 16 28 70
35 79 77 73
86 34 88 30
92 74 72 98
62 96 96 98
81 99 19 97
82 12 58 82
21 17 13 47
38 48 86 76
21 75 31 65
79 81 27 33
8 36 90 18
53 93 83 55
31 41 79 65
68 52 72 62
9 85 89 79
10 42 38 70
35 67 47 11
48 40 54 92
1 47 59 63
59 81 43 91
95 13 27 61
49 25 11 59
32 80 68 60
52 62 16 96
48 28 62 32
61 27 49 19
31 27 31 93
69 3 51 71
41 89 59 43
75 41 37 51
76 40 6 64
95 99 91 9
29 39 87 87
93 53 37 57
8 8 42 84
7 83 75 75
4 100 42 52
81 3 13 73
45 39 41 17
6 70 36 46
35 99 37 93
25 63 75 87
88 18 38 82
36 24 30 56
51 23 77 53
92 10 72 82
83 5 19 67
97 25 57 47
26 46 74 80
4 76 74 42
77 99 23 95
2 74 86 84
69 31 3 7
60 46 40 30
73 23 29 29
14 38 0 86
8 22 60 2
51 91 17 5
65 43 83 83
12 48 12 76
58 54 78 58
2 42 84 12
60 100 60 26
37 9 89 27
64 40 20 94
77 59 65 77
92 82 56 6
39 91 5 71
30 54 98 28
15 43 9 25
21 81 77 81
90 0 48 88
53 37 7 37
47 83 9 85
53 31 3 63
83 79 29 9
74 92 24 76
31 59 23 49
95 95 93 91
13 31 59 21
9 79 53 41
65 49 49 25
14 68 24 60
46 2 86 44
6 70 96 88
38 34 86 40
88 80 44 2
61 17 71 59
64 88 30 62
5 29 35 3
58 10 80 98
38 46 42 50
74 46 94 18
12 100 98 32
28 42 48 48
18 70 90 20
2 16 38 24
60 14 36 48
72 84 14 50
72 16 6 18
2 54 70 88
13 43 39 79
54 24 68 62
89 79 7 39
25 29 13 53
2 62 100 54
48 50 62 74
22 96 90 4
53 61 91 3
29 71 57 97
56 12 0 66
77 17 31 39
52 64 80 26
71 85 37 69
66 36 78 68
21 73 67 89
35 97 19 35
75 33 41 61
20 56 56 22
32 6 20 74
86 16 94 12
62 74 76 42
2 10 8 48
64 58 74 78
8 58 34 26
26 92 54 54
72 52 76 54
64 50 66 36
3 97 61 87
22 94 88 76
22 84 52 64
0 92 82 52
18 20 18 6
42 24 14 2
16 58 14 76
44 100 24 20
95 47 13 13
79 3 33 67
38 40 24 14
5 17 91 37
95 61 39 41
32 72 92 44
17 51 19 19
65 79 53 57
6 20 42 94
99 3 47 29
72 84 88 32
20 32 10 88
2 76 18 40
20 94 84 68
65 23 85 67
48 2 38 26
93 59 35 5
50 52 10 78
63 17 23 73
30 94 78 4
86 26 8 40
88 86 84 52
33 93 69 67
36 4 60 36
29 75 79 51
52 58 36 18
18 48 14 52
91 55 35 3
28 66 88 50
7 15 93 55
26 40 22 84
13 59 85 57
42 28 68 72
75 85 31 99
22 68 14 14
89 29 97 35
4 10 12 78
39 93 17 7
45 15 61 73
77 91 67 61
61 67 89 93
1 53 43 89
32 84 6 50
1 57 61 97
87 15 41 47
36 54 68 30
27 69 61 11
11 7 5 5
92 30 90 76
82 36 22 54
87 1 21 29
73 67 89 19
66 8 76 18
72 96 62 84
14 64 70 20
89 21 55 83
86 54 94 90
49 95 83 5
96 92 78 52
12 30 18 42
3 59 39 41
64 14 62 86
16 72 86 14
51 15 55 61
49 3 95 93
44 12 100 58
90 40 14 0
53 19 53 51
55 71 19 87
7 65 89 89
51 73 81 19
40 16 52 0
1 77 5 95
18 34 42 50
73 81 93 47
88 2 76 16
38 56 32 66
5 73 19 95
91 27 85 45
20 0 80 80
46 6 52 2
1 79 93 21
87 69 65 29
84 74 50 94
53 27 7 83
65 5 29 65
10 48 8 26
93 97 79 1
44 98 66 72
7 67 23 73
30 66 68 96
25 91 5 49
6 22 26 92
2 18 38 72
68 98 16 86
18 52 48 92
72 72 84 46
51 67 69 17
65 15 23 75
39 53 19 73
28 52 96 70
11 19 99 85
11 67 11 7
66 50 32 76
97 43 45 65
1 63 31 29
19 87 99 1
34 14 84 32
99 75 67 23
69 15 23 27
43 11 37 51
83 71 79 43
50 38 70 92
18 58 74 82
73 5 61 53
92 6 72 50
65 67 11 97
3 69 23 95
18 58 44 54
35 89 75 39
44 44 78 14
50 94 48 80
8 28 62 92
73 55 51 19
18 22 42 38
59 57 71 63
89 43 69 33
66 32 60 24
2 26 10 6
79 91 65 53
73 37 27 17
74 8 20 60
52 88 66 6
93 69 41 53
35 33 3 49
8 38 12 32
55 9 47 43
73 23 93 3
93 45 17 55
22 66 64 18
87 57 5 1
7 47 13 43
57 39 33 61
37 63 51 71
41 47 37 51
61 99 69 95
76 98 4 28
88 52 96 48
9 93 67 51
15 35 47 75
95 25 21 67
93 87 79 5
2 14 12 4
90 6 32 88
44 2 44 94
47 41 55 63
47 43 41 45
9 61 7 31
91 49 99 3
100 34 26 78
98 62 26 6
45 55 73 43
58 80 26 20
19 85 83 13
65 11 43 39
12 2 42 36
0 64 2 40
26 12 16 72
46 66 40 86
95 13 13 91
2 22 50 76
33 47 53 67
21 19 7 29
51 53 37 45
10 14 50 50
74 14 90 22
54 80 14 42
26 94 2 92
91 65 93 25
94 42 68 2
32 36 56 36
14 50 40 84
29 73 5 17
64 22 90 76
86 62 14 20
19 37 35 45
79 97 5 77
36 14 88 38
60 56 36 66
42 48 62 22
11 53 13 21
80 98 54 46
67 51 41 87
80 8 66 28
75 15 83 85
59 91 89 15
14 86 62 30
0 26 34 22
2 42 94 98
59 31 95 75
95 7 57 51
35 75 89 79
6 54 26 8
37 21 5 45
41 59 71 87
15 11 61 83
97 43 17 67
46 20 40 68
20 44 96 36
76 62 82 62
86 46 98 40
27 71 49 3
89 27 79 97
21 87 43 31
15 25 3 25
44 42 58 34
96 10 98 92
79 89 91 91
41 49 3 99
0 30 2 94
2 50 48 62
32 24 34 54
85 19 7 79
25 49 33 5
7 41 71 25
64 58 42 62
74 6 0 90
97 83 15 61
74 28 6 56
69 27 89 97
54 54 56 38
0 54 22 74
33 47 69 19
12 22 86 44
98 14 32 10
68 38 18 80
32 16 38 58
95 93 51 47
32 20 94 48
35 37 37 81
4 98 56 50
38 62 18 28
26 58 56 14
83 67 1 51
80 96 4 88
54 82 80 30
57 85 23 9
3 73 99 93
31 59 29 11
98 20 70 44
37 27 41 75
41 33 87 5
80 62 14 90
42 62 12 18
89 43 39 11
92 62 42 76
85 85 69 7
59 19 19 97
4 14 4 26
36 68 94 84
48 44 90 58
25 41 55 55
90 70 82 22
31 73 27 9
58 86 88 82
92 6 60 86
39 51 27 99
32 58 38 4
57 31 39 37
77 77 67 43
87 67 83 33
66 80 16 64
24 44 62 32
95 55 85 25
99 79 9 89
45 45 63 57
8 58 36 92
13 33 47 39
55 55 71 61
75 89 73 17
43 97 21 25
11 49 7 81
67 45 95 25
46 26 12 96
82 12 84 2
39 1 35 31
50 84 38 18
95 79 59 11
84 14 94 20
85 59 21 49
84 10 60 26
57 61 75 27
6 42 50 20
54 38 64 6
79 79 53 71
14 40 64 94
100 16 86 98
15 17 17 59
2 38 32 94
24 74 22 4
8 40 84 88
71 69 59 25
63 33 65 47
10 44 30 0
80 22 52 86
42 80 60 32
64 24 76 54
6 62 62 96
23 7 41 63
72 90 4 70
22 38 10 52
37 79 95 57
19 61 95 3
11 17 49 87
83 7 61 97
28 62 44 34
28 54 46 32
17 65 89 23
35 99 69 11
29 7 71 77
52 24 36 0
33 91 1 99
82 94 60 34
43 83 63 11
85 57 99 99
77 85 9 71
35 27 93 9
21 57 9 41
18 48 26 82
19 9 87 1
1 23 77 51
87 89 17 65
91 45 7 51
82 74 6 8
82 94 68 100
34 8 4 94
88 24 10 26
66 74 48 6
59 53 5 77
62 40 22 12
49 33 63 63
18 70 0 52
22 20 0 24
75 61 43 97
17 87 81 9
48 90 100 70
56 48 24 58
64 26 62 80
13 49 57 15
13 23 85 61
69 29 23 71
58 60 30 66
87 57 43 95
20 94 30 94
32 20 44 34
32 62 34 18
88 98 48 62
26 32 100 76
99 3 47 77
9 89 77 3
40 70 66 92
16 74 2 78
66 36 20 64
86 72 62 48
70 30 64 28
93 53 85 33
92 100 28 80
28 78 52 90
81 77 67 63
7 25 43 81
15 11 29 77
51 5 45 71
64 40 72 32
26 52 56 76
34 36 64 34
59 27 81 41
97 49 29 29
37 97 97 51
25 53 23 63
96 44 98 16
51 71 83 83
60 12 56 6
47 51 21 51
21 29 7 83
32 42 46 10
94 42 60 30
18 90 100 56
36 26 24 74
98 70 76 90
62 42 52 36
55 39 27 39
78 52 62 46
71 7 7 75
31 1 79 81
71 83 39 33
84 96 46 58
16 10 12 66
67 91 97 23
100 4 88 44
30 90 68 16
76 42 60 2
